=================================================================
EXPERIMENT 9: Adaptive Inner Integration
Total time T = 1.000000000000e+00, Segments = 20, macro_dt = 5.000000000000e-02
Convergence tolerance = 1.000000000000e-12
-----------------------------------------------------------------
Segment | t_start | t_end | Converged inner_dt | Halvings | Time (ms)
-----------------------------------------------------------------
1 | 0.000000000000e+00 | 5.000000000000e-02 | 9.765625000000e-05 | 9 | 1.088290000000e+02
2 | 5.000000000000e-02 | 1.000000000000e-01 | 9.765625000000e-05 | 9 | 1.070080000000e+02
3 | 1.000000000000e-01 | 1.500000000000e-01 | 9.765625000000e-05 | 9 | 1.051580000000e+02
4 | 1.500000000000e-01 | 2.000000000000e-01 | 9.765625000000e-05 | 9 | 9.954700000000e+01
5 | 2.000000000000e-01 | 2.500000000000e-01 | 1.953125000000e-04 | 8 | 6.336400000000e+01
6 | 2.500000000000e-01 | 3.000000000000e-01 | 1.953125000000e-04 | 8 | 6.243500000000e+01
7 | 3.000000000000e-01 | 3.500000000000e-01 | 9.765625000000e-05 | 9 | 9.733500000000e+01
8 | 3.500000000000e-01 | 4.000000000000e-01 | 9.765625000000e-05 | 9 | 9.419400000000e+01
9 | 4.000000000000e-01 | 4.500000000000e-01 | 9.765625000000e-05 | 9 | 9.581000000000e+01
10 | 4.500000000000e-01 | 5.000000000000e-01 | 9.765625000000e-05 | 9 | 8.335500000000e+01
11 | 5.000000000000e-01 | 5.500000000000e-01 | 9.765625000000e-05 | 9 | 8.173400000000e+01
12 | 5.500000000000e-01 | 6.000000000000e-01 | 9.765625000000e-05 | 9 | 7.567500000000e+01
13 | 6.000000000000e-01 | 6.500000000000e-01 | 9.765625000000e-05 | 9 | 7.510300000000e+01
14 | 6.500000000000e-01 | 7.000000000000e-01 | 9.765625000000e-05 | 9 | 8.766000000000e+01
15 | 7.000000000000e-01 | 7.500000000000e-01 | 1.953125000000e-04 | 8 | 5.247700000000e+01
16 | 7.500000000000e-01 | 8.000000000000e-01 | 1.953125000000e-04 | 8 | 4.571900000000e+01
17 | 8.000000000000e-01 | 8.500000000000e-01 | 9.765625000000e-05 | 9 | 9.091200000000e+01
18 | 8.500000000000e-01 | 9.000000000000e-01 | 9.765625000000e-05 | 9 | 9.358700000000e+01
19 | 9.000000000000e-01 | 9.500000000000e-01 | 9.765625000000e-05 | 9 | 8.233200000000e+01
20 | 9.500000000000e-01 | 1.000000000000e+00 | 9.765625000000e-05 | 9 | 7.803900000000e+01
-----------------------------------------------------------------
Total time for adaptive Magnus: 1.689723000000e+03 ms
